{
 "cells": [
  {
   "cell_type": "code",
   "execution_count": 2,
   "metadata": {},
   "outputs": [
    {
     "name": "stdout",
     "output_type": "stream",
     "text": [
      "ticks per beat: 480\n",
      "time signature:\t4/4 (quarters: 4)\n",
      "set tempo:\t517242 (bpm: 116.00)\n",
      "Gm\tD : 0.08  F : 0.08  G : 0.42  Bb: 0.42  \n",
      "Eb\tC : 0.18  Eb: 0.18  F : 0.09  G : 0.36  Bb: 0.18  \n",
      "D\tC : 0.18  D : 0.28  Eb: 0.18  F : 0.04  F#: 0.14  A : 0.18  \n",
      "Bb\tC : 0.18  D : 0.18  F : 0.18  G : 0.09  Ab: 0.09  Bb: 0.27  \n",
      "Gm\tD : 0.50  Eb: 0.17  G : 0.17  Bb: 0.17  \n",
      "Ebm\tDb: 0.21  Eb: 0.45  F#: 0.17  Bb: 0.17  \n",
      "set tempo:\t451127 (bpm: 133.00)\n",
      "Am\tC : 0.23  E : 0.23  G : 0.04  A : 0.23  B : 0.27  \n",
      "Am\tC : 0.09  E : 0.09  G : 0.16  A : 0.58  B : 0.09  \n",
      "Am\tC : 0.24  E : 0.19  G : 0.10  A : 0.24  B : 0.24  \n",
      "F\tC : 0.30  D : 0.03  F : 0.40  A : 0.27  \n",
      "Am\tC : 0.23  E : 0.23  G : 0.04  A : 0.23  B : 0.27  \n",
      "Am\tC : 0.09  E : 0.09  G : 0.16  A : 0.58  B : 0.09  \n",
      "Am\tC : 0.24  E : 0.19  G : 0.10  A : 0.24  B : 0.24  \n",
      "F\tC : 0.30  D : 0.03  F : 0.40  A : 0.27  \n",
      "Am\tC : 0.23  E : 0.23  G : 0.04  A : 0.23  B : 0.27  \n",
      "Am\tC : 0.25  E : 0.25  A : 0.25  B : 0.25  \n",
      "Am\tC : 0.24  E : 0.19  G : 0.10  A : 0.24  B : 0.23  \n",
      "F\tC : 0.30  D : 0.03  F : 0.40  A : 0.27  \n",
      "Am\tC : 0.23  E : 0.23  G : 0.04  A : 0.23  B : 0.27  \n",
      "Am\tC : 0.08  E : 0.08  G : 0.16  A : 0.59  B : 0.08  \n",
      "Am\tC : 0.24  E : 0.19  G : 0.10  A : 0.24  B : 0.23  \n",
      "F\tC : 0.30  D : 0.03  F : 0.40  A : 0.27  \n",
      "Am\tC : 0.23  E : 0.23  G : 0.04  A : 0.23  B : 0.27  \n",
      "Am\tC : 0.08  E : 0.08  G : 0.16  A : 0.59  B : 0.08  \n",
      "Am\tC : 0.24  E : 0.19  G : 0.10  A : 0.24  B : 0.23  \n",
      "F\tC : 0.28  F : 0.47  A : 0.25  \n",
      "F\tC : 0.36  D : 0.07  F : 0.32  A : 0.25  \n",
      "Em\tE : 0.40  G : 0.27  B : 0.33  \n",
      "Am\tC : 0.25  E : 0.29  A : 0.46  \n",
      "F\tC : 0.36  F : 0.39  A : 0.26  \n",
      "G\tD : 0.28  F : 0.06  G : 0.41  B : 0.25  \n",
      "Em\tE : 0.38  G : 0.25  B : 0.37  \n",
      "Am\tC : 0.25  E : 0.32  A : 0.43  \n",
      "F\tC : 0.36  F : 0.39  A : 0.26  \n",
      "G\tD : 0.28  F : 0.06  G : 0.41  B : 0.25  \n",
      "Em\tE : 0.38  G : 0.25  B : 0.37  \n",
      "Am\tC : 0.26  E : 0.29  A : 0.45  \n",
      "F\tC : 0.34  F : 0.39  A : 0.26  \n",
      "G\tD : 0.33  E : 0.07  F : 0.02  G : 0.33  B : 0.26  \n",
      "Em\tE : 0.37  G : 0.25  B : 0.37  \n",
      "Am\tC : 0.22  E : 0.22  A : 0.56  \n",
      "Am\tC : 0.23  E : 0.23  G : 0.04  A : 0.24  B : 0.26  \n",
      "Am\tC : 0.09  E : 0.09  G : 0.16  A : 0.58  B : 0.09  \n",
      "Am\tC : 0.23  E : 0.19  G : 0.10  A : 0.25  B : 0.24  \n",
      "F\tC : 0.30  D : 0.03  F : 0.40  A : 0.27  \n",
      "Am\tC : 0.26  E : 0.23  G : 0.04  A : 0.23  B : 0.23  \n",
      "Am\tC : 0.08  E : 0.08  G : 0.19  A : 0.58  B : 0.08  \n",
      "Am\tC : 0.24  E : 0.19  G : 0.09  A : 0.24  B : 0.24  \n",
      "F\tC : 0.30  D : 0.03  F : 0.40  A : 0.27  \n",
      "Am\tC : 0.23  E : 0.23  G : 0.04  A : 0.23  B : 0.27  \n",
      "Am\tC : 0.25  E : 0.25  A : 0.25  B : 0.25  \n",
      "Am\tC : 0.23  E : 0.19  G : 0.10  A : 0.25  B : 0.24  \n",
      "F\tC : 0.25  F : 0.50  A : 0.25  \n",
      "Am\tC : 0.23  E : 0.23  G : 0.04  A : 0.23  B : 0.27  \n",
      "Am\tC : 0.25  E : 0.25  A : 0.25  B : 0.25  \n",
      "Am\tC : 0.24  E : 0.19  G : 0.09  A : 0.24  B : 0.24  \n",
      "F5\tC : 0.18  D : 0.15  F : 0.68  \n",
      "Am\tC : 0.23  E : 0.23  G : 0.04  A : 0.23  B : 0.27  \n",
      "Am\tC : 0.09  E : 0.09  G : 0.16  A : 0.58  B : 0.09  \n",
      "Am\tC : 0.23  E : 0.19  G : 0.09  A : 0.24  B : 0.24  \n",
      "F\tC : 0.28  F : 0.47  A : 0.25  \n",
      "Em\tE : 0.40  G : 0.27  B : 0.33  \n",
      "Am\tC : 0.25  E : 0.29  A : 0.46  \n",
      "F\tC : 0.35  F : 0.39  A : 0.26  \n",
      "G\tD : 0.28  F : 0.06  G : 0.42  B : 0.25  \n",
      "Em\tE : 0.37  G : 0.25  B : 0.38  \n",
      "Am\tC : 0.25  E : 0.32  A : 0.43  \n",
      "F\tC : 0.35  F : 0.39  A : 0.26  \n",
      "G\tD : 0.27  F : 0.07  G : 0.41  B : 0.25  \n",
      "Em\tE : 0.37  G : 0.26  B : 0.37  \n",
      "Am\tC : 0.26  E : 0.30  A : 0.44  \n",
      "F\tC : 0.35  F : 0.39  A : 0.26  \n",
      "G\tD : 0.33  E : 0.06  F : 0.02  G : 0.32  B : 0.27  \n",
      "Em\tE : 0.40  G : 0.31  B : 0.29  \n",
      "Am\tC : 0.25  E : 0.30  A : 0.45  \n",
      "F\tC : 0.35  F : 0.39  A : 0.25  \n",
      "G\tD : 0.25  G : 0.53  B : 0.22  \n",
      "Cm\tC : 0.64  Eb: 0.12  G : 0.12  Bb: 0.12  \n",
      "Cm\tC : 0.43  Eb: 0.14  G : 0.29  Bb: 0.14  \n",
      "Cm\tC : 0.64  Eb: 0.12  F#: 0.12  A : 0.12  \n",
      "Cm\tC : 0.63  Eb: 0.12  F#: 0.12  A : 0.12  \n",
      "G\tD : 0.18  G : 0.68  B : 0.14  \n",
      "Abm\tD : 0.25  F : 0.23  Ab: 0.29  B : 0.24  \n",
      "Cm\tC : 0.63  Eb: 0.12  G : 0.12  Bb: 0.12  \n",
      "Am\tC : 0.16  Eb: 0.16  F : 0.09  G : 0.16  A : 0.42  \n",
      "Dbm\tDb: 0.64  E : 0.12  Ab: 0.12  B : 0.12  \n",
      "Dbm\tDb: 0.43  E : 0.14  Ab: 0.29  B : 0.14  \n",
      "Dbm\tDb: 0.64  E : 0.12  G : 0.12  Bb: 0.12  \n",
      "Dbm\tDb: 0.64  E : 0.12  G : 0.12  Bb: 0.12  \n",
      "B\tEb: 0.12  F#: 0.29  B : 0.59  \n",
      "Ab\tC : 0.26  Eb: 0.12  F#: 0.12  Ab: 0.37  A : 0.12  \n",
      "Dbm\tDb: 0.63  E : 0.15  Ab: 0.22  \n",
      "F#\tDb: 0.17  E : 0.17  F#: 0.24  Bb: 0.42  \n",
      "B\tEb: 0.12  F#: 0.28  B : 0.59  \n",
      "Ab\tC : 0.25  Eb: 0.12  F#: 0.12  Ab: 0.38  A : 0.12  \n",
      "Dbm\tDb: 0.56  E : 0.18  Ab: 0.26  \n",
      "Dbm\tDb: 0.21  E : 0.21  F#: 0.11  Ab: 0.21  Bb: 0.27  \n",
      "G\tC : 0.09  D : 0.42  E : 0.06  G : 0.25  B : 0.18  \n",
      "G\tD : 0.55  E : 0.05  G : 0.23  B : 0.17  \n",
      "C\tC : 0.54  E : 0.22  G : 0.22  A : 0.03  \n",
      "C\tC : 0.30  E : 0.26  G : 0.25  B : 0.19  \n",
      "F\tC : 0.21  E : 0.05  F : 0.41  A : 0.29  B : 0.04  \n",
      "Dm\tC : 0.15  D : 0.19  F : 0.16  A : 0.31  B : 0.19  \n",
      "G\tC : 0.08  D : 0.43  E : 0.06  G : 0.25  B : 0.18  \n",
      "G\tD : 0.54  E : 0.06  G : 0.23  B : 0.17  \n",
      "C\tC : 0.55  E : 0.22  G : 0.21  A : 0.02  \n",
      "C\tC : 0.30  E : 0.25  G : 0.25  B : 0.20  \n",
      "F\tC : 0.20  E : 0.05  F : 0.40  A : 0.30  B : 0.05  \n",
      "Dm\tC : 0.15  D : 0.20  F : 0.16  A : 0.31  B : 0.18  \n",
      "G\tC : 0.09  D : 0.42  E : 0.07  G : 0.25  B : 0.18  \n",
      "G\tD : 0.55  E : 0.05  G : 0.23  B : 0.17  \n",
      "C\tC : 0.53  E : 0.22  G : 0.22  A : 0.03  \n",
      "C\tC : 0.30  E : 0.25  G : 0.25  B : 0.20  \n",
      "F\tC : 0.21  E : 0.06  F : 0.39  A : 0.30  B : 0.05  \n",
      "Dm\tC : 0.16  D : 0.19  F : 0.16  A : 0.31  B : 0.19  \n",
      "G\tC : 0.08  D : 0.43  E : 0.06  G : 0.25  B : 0.18  \n",
      "G\tD : 0.54  E : 0.06  G : 0.23  B : 0.17  \n",
      "C\tC : 0.55  E : 0.22  G : 0.21  A : 0.02  \n",
      "C\tC : 0.30  E : 0.26  G : 0.25  B : 0.19  \n",
      "F\tC : 0.20  E : 0.05  F : 0.40  A : 0.30  B : 0.05  \n",
      "Dm\tC : 0.15  D : 0.19  F : 0.16  A : 0.31  B : 0.19  \n",
      "G\tC : 0.09  D : 0.43  E : 0.05  G : 0.25  B : 0.18  \n",
      "G\tD : 0.54  E : 0.05  G : 0.23  B : 0.17  \n",
      "C\tC : 0.54  E : 0.22  G : 0.22  A : 0.02  \n",
      "C\tC : 0.30  E : 0.25  G : 0.25  B : 0.20  \n",
      "F\tC : 0.20  E : 0.04  F : 0.40  A : 0.31  B : 0.05  \n",
      "Dm\tC : 0.16  D : 0.19  F : 0.15  A : 0.30  B : 0.19  \n",
      "G\tC : 0.09  D : 0.42  E : 0.07  G : 0.25  B : 0.18  \n",
      "G\tD : 0.55  E : 0.05  G : 0.23  B : 0.17  \n",
      "C\tC : 0.55  E : 0.22  G : 0.21  A : 0.03  \n",
      "C\tC : 0.30  E : 0.25  G : 0.25  B : 0.20  \n",
      "F\tC : 0.21  E : 0.05  F : 0.41  A : 0.29  B : 0.04  \n",
      "Dm\tC : 0.15  D : 0.19  F : 0.16  A : 0.31  B : 0.19  \n",
      "G\tC : 0.08  D : 0.43  E : 0.06  G : 0.25  B : 0.18  \n",
      "G\tD : 0.54  E : 0.06  G : 0.23  B : 0.17  \n",
      "C\tC : 0.55  E : 0.22  G : 0.21  A : 0.02  \n",
      "C\tC : 0.29  E : 0.25  G : 0.25  B : 0.20  \n",
      "F\tC : 0.20  E : 0.05  F : 0.40  A : 0.30  B : 0.05  \n",
      "Dm\tC : 0.15  D : 0.20  F : 0.16  A : 0.31  B : 0.18  \n",
      "G\tC : 0.09  D : 0.34  E : 0.18  G : 0.23  B : 0.17  \n",
      "G\tD : 0.55  E : 0.05  G : 0.23  B : 0.17  \n",
      "C\tC : 0.41  E : 0.35  G : 0.22  A : 0.02  \n",
      "C\tC : 0.29  E : 0.26  G : 0.25  B : 0.20  \n",
      "F\tC : 0.20  E : 0.05  F : 0.38  A : 0.31  B : 0.06  \n",
      "Dm\tC : 0.14  D : 0.23  F : 0.15  A : 0.30  B : 0.18  \n",
      "G\tC : 0.08  D : 0.35  E : 0.17  G : 0.23  B : 0.17  \n",
      "G\tD : 0.54  E : 0.06  G : 0.23  B : 0.17  \n",
      "C\tC : 0.39  E : 0.32  G : 0.25  A : 0.03  \n",
      "C\tC : 0.30  E : 0.24  G : 0.26  B : 0.21  \n",
      "F\tC : 0.20  E : 0.04  F : 0.42  A : 0.30  B : 0.04  \n",
      "Dm\tC : 0.15  D : 0.23  F : 0.15  A : 0.30  B : 0.18  \n",
      "G\tC : 0.09  D : 0.32  E : 0.19  G : 0.23  B : 0.16  \n",
      "G\tD : 0.55  E : 0.04  G : 0.23  B : 0.17  \n",
      "C\tC : 0.39  E : 0.34  G : 0.24  A : 0.04  \n",
      "C\tC : 0.31  E : 0.25  G : 0.24  B : 0.19  \n",
      "F\tC : 0.20  E : 0.04  F : 0.41  A : 0.30  B : 0.05  \n",
      "Dm\tC : 0.15  D : 0.22  F : 0.15  A : 0.29  B : 0.19  \n",
      "G\tC : 0.07  D : 0.35  E : 0.17  G : 0.24  B : 0.17  \n",
      "G\tD : 0.55  E : 0.05  G : 0.23  B : 0.17  \n",
      "C\tC : 0.41  E : 0.35  G : 0.22  A : 0.01  \n",
      "C\tC : 0.29  E : 0.26  G : 0.25  B : 0.20  \n",
      "F\tC : 0.20  E : 0.05  F : 0.38  A : 0.31  B : 0.06  \n",
      "Dm\tC : 0.14  D : 0.23  F : 0.15  A : 0.30  B : 0.18  \n",
      "G\tD : 0.53  E : 0.10  G : 0.21  B : 0.15  \n",
      "G\tD : 0.56  E : 0.06  G : 0.22  B : 0.17  \n",
      "C\tC : 0.52  E : 0.25  G : 0.15  B : 0.08  \n",
      "C\tC : 0.39  E : 0.23  G : 0.19  B : 0.20  \n",
      "F\tC : 0.18  E : 0.07  F : 0.30  G : 0.18  A : 0.18  B : 0.07  \n",
      "Bm\tD : 0.15  E : 0.10  F : 0.15  G : 0.10  A : 0.15  B : 0.35  \n",
      "Am\tC : 0.23  E : 0.23  G : 0.05  A : 0.23  B : 0.26  \n",
      "Am\tC : 0.06  E : 0.06  G : 0.26  A : 0.57  B : 0.06  \n",
      "Am\tC : 0.25  E : 0.18  G : 0.10  A : 0.25  B : 0.21  \n",
      "End of midi\n"
     ]
    }
   ],
   "source": [
    "import mido\n",
    "import time\n",
    "import numpy as np\n",
    "\n",
    "def normalize(P):\n",
    "    K = P.shape[0]\n",
    "    norm = np.sum(P, axis=0, keepdims=False)\n",
    "    return P / norm\n",
    "\n",
    "# input the file name\n",
    "midi_string = 'sample2'\n",
    "midi_file = mido.MidiFile('%s.mid' % midi_string)\n",
    "\n",
    "# play audio\n",
    "play_audio = False\n",
    "\n",
    "current_tempo = 0\n",
    "time_signature_numerator = 0\n",
    "time_signature_denominator = 0\n",
    "time_signature_quarter = 0\n",
    "ticks_per_beat = midi_file.ticks_per_beat\n",
    "print('ticks per beat: %d' % ticks_per_beat)\n",
    "\n",
    "# bar_duration: reset every bar (unit: ticks)\n",
    "# total_duration: current cummulative duration (unit: seconds)\n",
    "bar_duration = 0\n",
    "total_duration = 0\n",
    "\n",
    "# notes_vec: store the bar duration of the 128 notes in each 16 channels\n",
    "# notes_vec_on: 'True' is note on, 'False' is note off (or velocity = 0)\n",
    "notes_vec = np.zeros([16, 128], dtype=np.float16)\n",
    "notes_vec_on = np.zeros([16, 128], dtype=np.bool)\n",
    "\n",
    "# use 'print(mido.get_output_names())' to get your port's name and type it in the 'mido.open_output' bracket\n",
    "port = None\n",
    "port = mido.open_output('Microsoft GS Wavetable Synth 0')\n",
    "\n",
    "# turn numeric notes into english notes, octave info not preserved\n",
    "def note_int2char(note):\n",
    "    return {\n",
    "        '0': 'C',\n",
    "        '1': 'Db',\n",
    "        '2': 'D',\n",
    "        '3': 'Eb',\n",
    "        '4': 'E',\n",
    "        '5': 'F',\n",
    "        '6': 'F#',\n",
    "        '7': 'G',\n",
    "        '8': 'Ab',\n",
    "        '9': 'A',\n",
    "        '10': 'Bb',\n",
    "        '11': 'B'\n",
    "    }.get(str(note % 12), 'undef')\n",
    "\n",
    "# define the chords and its relative position\n",
    "chords = np.zeros([24, 12], dtype=np.int8)\n",
    "chords = np.array(\n",
    "    [\n",
    "        # Root note only\n",
    "        [4, -1, -1, -1, -1, -1, -1, -1, -1, -1, -1, -1],\n",
    "        [-1, 4, -1, -1, -1, -1, -1, -1, -1, -1, -1, -1],\n",
    "        [-1, -1, 4, -1, -1, -1, -1, -1, -1, -1, -1, -1],\n",
    "        [-1, -1, -1, 4, -1, -1, -1, -1, -1, -1, -1, -1],\n",
    "        [-1, -1, -1, -1, 4, -1, -1, -1, -1, -1, -1, -1],\n",
    "        [-1, -1, -1, -1, -1, 4, -1, -1, -1, -1, -1, -1],\n",
    "        [-1, -1, -1, -1, -1, -1, 4, -1, -1, -1, -1, -1],\n",
    "        [-1, -1, -1, -1, -1, -1, -1, 4, -1, -1, -1, -1],\n",
    "        [-1, -1, -1, -1, -1, -1, -1, -1, 4, -1, -1, -1],\n",
    "        [-1, -1, -1, -1, -1, -1, -1, -1, -1, 4, -1, -1],\n",
    "        [-1, -1, -1, -1, -1, -1, -1, -1, -1, -1, 4, -1],\n",
    "        [-1, -1, -1, -1, -1, -1, -1, -1, -1, -1, -1, 4],\n",
    "        # Power chords\n",
    "        [4, -1, -1, -1, -1, -1, -1, 2, -1, -1, -1, -1],\n",
    "        [-1, 4, -1, -1, -1, -1, -1, -1, 2, -1, -1, -1],\n",
    "        [-1, -1, 4, -1, -1, -1, -1, -1, -1, 2, -1, -1],\n",
    "        [-1, -1, -1, 4, -1, -1, -1, -1, -1, -1, 2, -1],\n",
    "        [-1, -1, -1, -1, 4, -1, -1, -1, -1, -1, -1, 2],\n",
    "        [2, -1, -1, -1, -1, 4, -1, -1, -1, -1, -1, -1],\n",
    "        [-1, 2, -1, -1, -1, -1, 4, -1, -1, -1, -1, -1],\n",
    "        [-1, -1, 2, -1, -1, -1, -1, 4, -1, -1, -1, -1],\n",
    "        [-1, -1, -1, 2, -1, -1, -1, -1, 4, -1, -1, -1],\n",
    "        [-1, -1, -1, -1, 2, -1, -1, -1, -1, 4, -1, -1],\n",
    "        [-1, -1, -1, -1, -1, 2, -1, -1, -1, -1, 4, -1],\n",
    "        [-1, -1, -1, -1, -1, -1, 2, -1, -1, -1, -1, 4],\n",
    "        # Major chords\n",
    "        [4, -1, -1, -1, 2, -1, -1, 2, -1, -1, -1, -1],\n",
    "        [-1, 4, -1, -1, -1, 2, -1, -1, 2, -1, -1, -1],\n",
    "        [-1, -1, 4, -1, -1, -1, 2, -1, -1, 2, -1, -1],\n",
    "        [-1, -1, -1, 4, -1, -1, -1, 2, -1, -1, 2, -1],\n",
    "        [-1, -1, -1, -1, 4, -1, -1, -1, 2, -1, -1, 2],\n",
    "        [2, -1, -1, -1, -1, 4, -1, -1, -1, 2, -1, -1],\n",
    "        [-1, 2, -1, -1, -1, -1, 4, -1, -1, -1, 2, -1],\n",
    "        [-1, -1, 2, -1, -1, -1, -1, 4, -1, -1, -1, 2],\n",
    "        [2, -1, -1, 2, -1, -1, -1, -1, 4, -1, -1, -1],\n",
    "        [-1, 2, -1, -1, 2, -1, -1, -1, -1, 4, -1, -1],\n",
    "        [-1, -1, 2, -1, -1, 2, -1, -1, -1, -1, 4, -1],\n",
    "        [-1, -1, -1, 2, -1, -1, 2, -1, -1, -1, -1, 4],\n",
    "        # Minor chords\n",
    "        [4, -1, -1, 2, -1, -1, -1, 2, -1, -1, -1, -1],\n",
    "        [-1, 4, -1, -1, 2, -1, -1, -1, 2, -1, -1, -1],\n",
    "        [-1, -1, 4, -1, -1, 2, -1, -1, -1, 2, -1, -1],\n",
    "        [-1, -1, -1, 4, -1, -1, 2, -1, -1, -1, 2, -1],\n",
    "        [-1, -1, -1, -1, 4, -1, -1, 2, -1, -1, -1, 2],\n",
    "        [2, -1, -1, -1, -1, 4, -1, -1, 2, -1, -1, -1],\n",
    "        [-1, 2, -1, -1, -1, -1, 4, -1, -1, 2, -1, -1],\n",
    "        [-1, -1, 2, -1, -1, -1, -1, 4, -1, -1, 2, -1],\n",
    "        [-1, -1, -1, 2, -1, -1, -1, -1, 4, -1, -1, 2],\n",
    "        [2, -1, -1, -1, 2, -1, -1, -1, -1, 4, -1, -1],\n",
    "        [-1, 2, -1, -1, -1, 2, -1, -1, -1, -1, 4, -1],\n",
    "        [-1, -1, 2, -1, -1, -1, 2, -1, -1, -1, -1, 4],\n",
    "    ])\n",
    "\n",
    "# name the chord\n",
    "def name_chord(chord):\n",
    "    return {\n",
    "        '0': 'C1',\n",
    "        '1': 'Db1',\n",
    "        '2': 'D1',\n",
    "        '3': 'Eb1',\n",
    "        '4': 'E1',\n",
    "        '5': 'F1',\n",
    "        '6': 'F#1',\n",
    "        '7': 'G1',\n",
    "        '8': 'Ab1',\n",
    "        '9': 'A1',\n",
    "        '10': 'Bb1',\n",
    "        '11': 'B1',\n",
    "        '12': 'C5',\n",
    "        '13': 'Db5',\n",
    "        '14': 'D5',\n",
    "        '15': 'Eb5',\n",
    "        '16': 'E5',\n",
    "        '17': 'F5',\n",
    "        '18': 'F#5',\n",
    "        '19': 'G5',\n",
    "        '20': 'Ab5',\n",
    "        '21': 'A5',\n",
    "        '22': 'Bb5',\n",
    "        '23': 'B5',\n",
    "        '24': 'C',\n",
    "        '25': 'Db',\n",
    "        '26': 'D',\n",
    "        '27': 'Eb',\n",
    "        '28': 'E',\n",
    "        '29': 'F',\n",
    "        '30': 'F#',\n",
    "        '31': 'G',\n",
    "        '32': 'Ab',\n",
    "        '33': 'A',\n",
    "        '34': 'Bb',\n",
    "        '35': 'B',\n",
    "        '36': 'Cm',\n",
    "        '37': 'Dbm',\n",
    "        '38': 'Dm',\n",
    "        '39': 'Ebm',\n",
    "        '40': 'Em',\n",
    "        '41': 'Fm',\n",
    "        '42': 'F#m',\n",
    "        '43': 'Gm',\n",
    "        '44': 'Abm',\n",
    "        '45': 'Am',\n",
    "        '46': 'Bbm',\n",
    "        '47': 'Bm',\n",
    "    }.get(str(chord), 'undef')\n",
    "\n",
    "try:\n",
    "\n",
    "    for msg in midi_file:\n",
    "        \n",
    "        # delay for playing\n",
    "        if play_audio:\n",
    "            time.sleep(msg.time)\n",
    "\n",
    "        if msg.time != 0:\n",
    "\n",
    "            total_duration += msg.time\n",
    "            bar_duration += mido.second2tick(msg.time, ticks_per_beat, current_tempo)\n",
    "\n",
    "            # indication of 'bar_duration' reaching the duration of a complete bar\n",
    "            if bar_duration / ticks_per_beat >= time_signature_quarter:\n",
    "\n",
    "                # break the continue-over-bars note-on notes\n",
    "                notes_vec[np.where(notes_vec_on)] += total_duration\n",
    "                \n",
    "                # reset 'bar_duration'\n",
    "                bar_duration_prev = bar_duration\n",
    "                bar_duration = bar_duration - ticks_per_beat * time_signature_quarter * (bar_duration // (ticks_per_beat * time_signature_quarter))\n",
    "                \n",
    "                # find out the played notes of the complete bar\n",
    "                played_notes_idx = np.where(notes_vec != 0)\n",
    "                if played_notes_idx[0].size > 0:\n",
    "                    played_notes = np.zeros(12, dtype=np.float16)\n",
    "                    for played_note_idx in np.nditer(played_notes_idx):\n",
    "                        played_notes[played_note_idx[1] % 12] += notes_vec[played_note_idx[0]][played_note_idx[1]]\n",
    "                    played_notes = normalize(played_notes)\n",
    "                                        \n",
    "                    # give a better 'print' for played notes (all values are from 'played_notes')\n",
    "                    played_notes_print = [np.where(played_notes != 0)[0], played_notes[played_notes != 0]]\n",
    "                    played_notes_printf = ''\n",
    "                    for played_note_print in np.nditer(played_notes_print):\n",
    "                        played_notes_printf += '{:<2}'.format(note_int2char(played_note_print[0])) + ': ' + \"{0:.2f}\".format(played_note_print[1]) + '  '\n",
    "                    \n",
    "                    # calculate the chord similarity score\n",
    "                    chords_score = np.dot(chords, played_notes)\n",
    "                    \n",
    "                    # print the chord analysis result\n",
    "                    print('%s\\t%s' % (name_chord(np.argmax(chords_score)), played_notes_printf))\n",
    "                        \n",
    "                # reset the notes_vec and notes_vec_on for next bar\n",
    "                notes_vec = np.zeros([16, 128], dtype=np.float16)\n",
    "                notes_vec_on = np.zeros([16, 128], dtype=np.bool)\n",
    "                \n",
    "                # continue the continue-over-bars-note-on notes\n",
    "                notes_vec[np.where(notes_vec_on)] -= total_duration\n",
    "                \n",
    "                # debug message for bar detection\n",
    "                # print('next bar:\\t%.2f to %.2f' % (bar_duration_prev, bar_duration))\n",
    "\n",
    "        if msg.is_meta:\n",
    "\n",
    "            # change time signature should be the first beat\n",
    "            if msg.type == 'time_signature':\n",
    "                time_signature_denominator = msg.denominator\n",
    "                time_signature_numerator = msg.numerator\n",
    "                time_signature_quarter = time_signature_numerator / (time_signature_denominator / 4)\n",
    "                bar_duration = 0\n",
    "                print('time signature:\\t%d/%d (quarters: %d)' % (time_signature_numerator, time_signature_denominator, time_signature_quarter))\n",
    "\n",
    "            # update tempo for 'second2tick'\n",
    "            if msg.type == 'set_tempo':\n",
    "                current_tempo = msg.tempo\n",
    "                print(\"set tempo:\\t%d (bpm: %.2f)\" % (msg.tempo, mido.tempo2bpm(msg.tempo)))\n",
    "\n",
    "        if not msg.is_meta:\n",
    "\n",
    "            # play the note\n",
    "            if play_audio:\n",
    "                port.send(msg)\n",
    "            \n",
    "            if msg.type == 'note_on':\n",
    "                \n",
    "                # ignore drum channel (midi channel = 10)\n",
    "                if msg.channel != 9:\n",
    "            \n",
    "                    if msg.velocity != 0:\n",
    "                        if not notes_vec_on[msg.channel][msg.note]:\n",
    "                            notes_vec[msg.channel][msg.note] -= total_duration\n",
    "                            notes_vec_on[msg.channel][msg.note] = True\n",
    "                    else:\n",
    "                        if notes_vec_on[msg.channel][msg.note]:\n",
    "                            notes_vec[msg.channel][msg.note] += total_duration\n",
    "                            notes_vec_on[msg.channel][msg.note] = False\n",
    "\n",
    "            if msg.type == 'note_off':\n",
    "                \n",
    "                # ignore drum channel (midi channel = 10)\n",
    "                if msg.channel != 9:\n",
    "                    \n",
    "                    if notes_vec_on[msg.channel][msg.note]:\n",
    "                        notes_vec[msg.channel][msg.note] += total_duration\n",
    "                        notes_vec_on[msg.channel][msg.note] = False\n",
    "\n",
    "        # you can set auto stop in here (seconds as unit)\n",
    "        if total_duration == -1:\n",
    "\n",
    "            if port is not None:\n",
    "                port.close()\n",
    "            break\n",
    "\n",
    "    if port is not None:\n",
    "        port.close()\n",
    "    print('End of midi')\n",
    "        \n",
    "# action after pressing stop\n",
    "except KeyboardInterrupt:\n",
    "    \n",
    "    if port is not None:\n",
    "        port.close()\n",
    "    print('Forced stop')"
   ]
  }
 ],
 "metadata": {
  "kernelspec": {
   "display_name": "mido",
   "language": "python",
   "name": "mido"
  },
  "language_info": {
   "codemirror_mode": {
    "name": "ipython",
    "version": 3
   },
   "file_extension": ".py",
   "mimetype": "text/x-python",
   "name": "python",
   "nbconvert_exporter": "python",
   "pygments_lexer": "ipython3",
   "version": "3.7.2"
  }
 },
 "nbformat": 4,
 "nbformat_minor": 2
}
